459.65
148.65
470.79
139.72
470.79
132.90
473.36
201.67
192.22
277.35
163.87
132.37
219.08
418.51
229.36
471.64
435.65
328.53
451.93
419.37
348.48
121.34
193.80
209.65
433.08
119.48
207.97
243.93
181.19
439.94
304.78
325.34
322.77
183.30
222.51
229.36
337.34
127.65
409.94
324.49
123.97
189.07
226.79
334.52
122.92
122.92
456.22
173.85
331.10
271.35
427.94
363.66
153.90
436.51
364.52
354.48
454.50
310.78
120.82
431.37
125.55
122.29
265.35
166.50
439.94
352.52
285.92
421.94
455.36
458.79
273.92
304.53
131.84
471.64
231.93
390.23
144.97
348.48
333.06
